0 0.0010416666666666667 0.3194444444444444 0.0875 0.3638888888888889 0.11510416666666666 0.25462962962962965 0.05572916666666667 0.1935185185185185 0.0020833333333333333 0.3175925925925926
1 0.5020833333333333 0.8675925925925926 0.24166666666666667 0.8240740740740741 0.2557291666666667 0.47685185185185186 0.4234375 0.48055555555555557 0.4947916666666667 0.47685185185185186 0.5015625 0.8638888888888889
2 0.30625 0.36944444444444446 0.5052083333333334 0.40370370370370373 0.496875 0.225 0.31979166666666664 0.22870370370370371 0.3046875 0.36666666666666664
3 0.384375 0.17222222222222222 0.51875 0.1675925925925926 0.5088541666666667 0.10092592592592593 0.39791666666666664 0.08981481481481482 0.384375 0.1712962962962963
4 0.6140625 0.5407407407407407 0.6333333333333333 0.8592592592592593 0.8369791666666667 0.825 0.7729166666666667 0.5083333333333333 0.6104166666666667 0.4925925925925926 0.6151041666666667 0.5425925925925926
5 0.5963541666666666 0.4212962962962963 0.7364583333333333 0.4527777777777778 0.721875 0.28055555555555556 0.640625 0.27870370370370373 0.5885416666666666 0.2712962962962963 0.5963541666666666 0.4185185185185185
6 0.8828125 0.20185185185185187 0.7869791666666667 0.2638888888888889 0.7739583333333333 0.3037037037037037 0.7901041666666667 0.39537037037037037 0.8270833333333333 0.4287037037037037 0.8859375 0.3861111111111111 0.9520833333333333 0.32685185185185184 0.8848958333333333 0.2037037037037037
7 0.9682291666666667 0.39166666666666666 0.8088541666666667 0.4888888888888889 0.8203125 0.5537037037037037 0.840625 0.662962962962963 0.8510416666666667 0.7222222222222222 0.9088541666666666 0.725925925925926 0.9666666666666667 0.6814814814814815 0.9682291666666667 0.5537037037037037 0.9682291666666667 0.39537037037037037
8 0.09114583333333333 0.15648148148148147 0.17239583333333333 0.22592592592592592 0.19895833333333332 0.10092592592592593 0.13697916666666668 0.05740740740740741 0.11875 0.049074074074074076 0.0890625 0.1574074074074074
9 0.5453125 0.10833333333333334 0.5510416666666667 0.21296296296296297 0.5958333333333333 0.22870370370370371 0.6661458333333333 0.24722222222222223 0.7177083333333333 0.2111111111111111 0.6791666666666667 0.11388888888888889 0.6296875 0.09537037037037037 0.5880208333333333 0.11296296296296296 0.5473958333333333 0.1111111111111111
10 0.6911458333333333 0.04259259259259259 0.7265625 0.20925925925925926 0.7338541666666667 0.23148148148148148 0.7822916666666667 0.2351851851851852 0.8026041666666667 0.18981481481481483 0.80625 0.12314814814814815 0.7640625 0.040740740740740744 0.690625 0.03981481481481482
